TABLE NO.     1: First Order Conditional Estimation with Interaction: Problem=1 Subproblem=0 Superproblem1=0 Iteration1=0 Superproblem2=0 Iteration2=0
 NAME         THETA1       THETA2       THETA3       THETA4       THETA5       THETA6       SIGMA(1,1)   OMEGA(1,1)   OMEGA(2,1)   OMEGA(2,2)
 THETA1        7.43793E-03 -7.23364E-03 -3.03535E-01 -2.75440E-03  6.50172E-02 -1.40493E-03  0.00000E+00  1.07874E-04  0.00000E+00  1.55205E-04
 THETA2       -7.23364E-03  4.95688E+01 -2.80037E+01  4.21347E-02 -1.39125E+00  1.82074E+00  0.00000E+00 -7.15119E-02  0.00000E+00  1.38042E-03
 THETA3       -3.03535E-01 -2.80037E+01  8.78027E+02  9.75115E-02 -4.29585E+00 -2.76311E-01  0.00000E+00 -1.18351E-01  0.00000E+00 -2.51532E-02
 THETA4       -2.75440E-03  4.21347E-02  9.75115E-02  3.08484E-03 -7.50458E-02  6.18262E-05  0.00000E+00  1.21671E-04  0.00000E+00  3.45101E-04
 THETA5        6.50172E-02 -1.39125E+00 -4.29585E+00 -7.50458E-02  1.85033E+00 -1.32692E-02  0.00000E+00 -2.57448E-03  0.00000E+00 -8.19016E-03
 THETA6       -1.40493E-03  1.82074E+00 -2.76311E-01  6.18262E-05 -1.32692E-02  8.82591E-02  0.00000E+00 -2.89909E-03  0.00000E+00 -1.71896E-03
 SIGMA(1,1)    0.00000E+00  0.00000E+00  0.00000E+00  0.00000E+00  0.00000E+00  0.00000E+00  0.00000E+00  0.00000E+00  0.00000E+00  0.00000E+00
 OMEGA(1,1)    1.07874E-04 -7.15119E-02 -1.18351E-01  1.21671E-04 -2.57448E-03 -2.89909E-03  0.00000E+00  4.64746E-04  0.00000E+00  1.35000E-04
 OMEGA(2,1)    0.00000E+00  0.00000E+00  0.00000E+00  0.00000E+00  0.00000E+00  0.00000E+00  0.00000E+00  0.00000E+00  0.00000E+00  0.00000E+00
 OMEGA(2,2)    1.55205E-04  1.38042E-03 -2.51532E-02  3.45101E-04 -8.19016E-03 -1.71896E-03  0.00000E+00  1.35000E-04  0.00000E+00  7.13613E-04
