TABLE NO.     1: First Order Conditional Estimation with Interaction: Problem=1 Subproblem=0 Superproblem1=0 Iteration1=0 Superproblem2=0 Iteration2=0
 NAME         THETA1       THETA2       THETA3       THETA4       THETA5       THETA6       SIGMA(1,1)   OMEGA(1,1)   OMEGA(2,1)   OMEGA(2,2)
 THETA1        8.62434E-02 -1.19132E-02 -1.18776E-01 -5.75021E-01  5.54214E-01 -5.48337E-02  0.00000E+00  5.80208E-02  0.00000E+00  6.73671E-02
 THETA2       -1.19132E-02  7.04051E+00 -1.34232E-01  1.07751E-01 -1.45270E-01  8.70493E-01  0.00000E+00 -4.71158E-01  0.00000E+00  7.33967E-03
 THETA3       -1.18776E-01 -1.34232E-01  2.96315E+01  5.92496E-02 -1.06579E-01 -3.13880E-02  0.00000E+00 -1.85272E-01  0.00000E+00 -3.17766E-02
 THETA4       -5.75021E-01  1.07751E-01  5.92496E-02  5.55414E-02 -9.93310E-01  3.74693E-03  0.00000E+00  1.01616E-01  0.00000E+00  2.32594E-01
 THETA5        5.54214E-01 -1.45270E-01 -1.06579E-01 -9.93310E-01  1.36027E+00 -3.28352E-02  0.00000E+00 -8.77924E-02  0.00000E+00 -2.25391E-01
 THETA6       -5.48337E-02  8.70493E-01 -3.13880E-02  3.74693E-03 -3.28352E-02  2.97084E-01  0.00000E+00 -4.52663E-01  0.00000E+00 -2.16598E-01
 SIGMA(1,1)    0.00000E+00  0.00000E+00  0.00000E+00  0.00000E+00  0.00000E+00  0.00000E+00  0.00000E+00  0.00000E+00  0.00000E+00  0.00000E+00
 OMEGA(1,1)    5.80208E-02 -4.71158E-01 -1.85272E-01  1.01616E-01 -8.77924E-02 -4.52663E-01  0.00000E+00  2.15580E-02  0.00000E+00  2.34420E-01
 OMEGA(2,1)    0.00000E+00  0.00000E+00  0.00000E+00  0.00000E+00  0.00000E+00  0.00000E+00  0.00000E+00  0.00000E+00  0.00000E+00  0.00000E+00
 OMEGA(2,2)    6.73671E-02  7.33967E-03 -3.17766E-02  2.32594E-01 -2.25391E-01 -2.16598E-01  0.00000E+00  2.34420E-01  0.00000E+00  2.67135E-02
